11 0 1
12 0 2
13 0 1
137 0 2
14 0 1
18 0 1
19 0 2
20 0 1
22 0 1
25 0 1
26 0 1
30 0 1
34 0 1
37 0 3
43 0 1
44 0 3
45 0 1
48 0 1
51 0 1
8 0 1
IP_59 1 2
IP_60 1 2
IP_61 1 3
IP_62 1 2
IP_63 1 2
IP_64 1 2
IP_65 1 2
IP_66 1 1
IP_67 1 2
IP_68 1 3
IP_70 1 2
IP_71 1 2
IP_72 1 2
IP_73 1 2
IP_74 1 2
IP_75 1 2
IP_76 1 2
IP_77 1 2
IP_78 1 2
IP_79 1 2
IP_80 1 2
IP_n65 0 3
al 0 2
al+ 1 1
b 0 2
b+ 1 1
be 0 1
be+ 1 2
c 0 3
c+ 1 2
cl 0 2
cl+ 1 3
f 0 2
f+ 1 3
h 0 2
li 0 2
li+ 1 1
mg 0 1
mg+ 1 2
n 0 4
n+ 1 3
na 0 2
na+ 1 1
o 0 3
o+ 1 4
p 0 4
p+ 1 3
s 0 3
s+ 1 4
si 0 3
si+ 1 2
